+------+------+-------------+----+---+-----+-----+--------------+
|teamID|yearID|total_payroll|AB  |HR |BA   |SLG  |HR_per_Million|
+------+------+-------------+----+---+-----+-----+--------------+
|ARI   |2016  |87439063     |5665|190|0.261|0.432|2.17          |
|ATL   |2016  |68498291     |5514|122|0.255|0.384|1.78          |
|BAL   |2016  |161863456    |5524|253|0.256|0.443|1.56          |
|BOS   |2016  |188545761    |5670|208|0.282|0.461|1.10          |
|CHA   |2016  |112998667    |5550|168|0.257|0.41 |1.49          |
|CHN   |2016  |154067668    |5503|199|0.256|0.429|1.29          |
|CIN   |2016  |88940059     |5487|164|0.256|0.408|1.84          |
|CLE   |2016  |74311900     |5484|185|0.262|0.43 |2.49          |
|COL   |2016  |112645071    |5614|204|0.275|0.457|1.81          |
|DET   |2016  |194876481    |5526|211|0.267|0.438|1.08          |
|HOU   |2016  |94893700     |5545|198|0.247|0.417|2.09          |
|KCA   |2016  |131487125    |5552|147|0.261|0.4  |1.12          |
|LAA   |2016  |137251333    |5431|156|0.26 |0.405|1.14          |
|LAN   |2016  |221288380    |5518|189|0.249|0.409|0.85          |
|MIA   |2016  |77314202     |5547|128|0.263|0.394|1.66          |
+------+------+-------------+----+---+-----+-----+--------------+
only showing top 15 rows
